# logA ns theta_MC_100 ombh2 omch2 tau w wa A_planck cal100A cal100B cal143B cal217A cal217B Aradio Adusty AdustT beta_dustT Acib beta_cib Atsz Aksz xi AdustP beta_dustP
1.238881997980773378e-04 9.332882632140706289e-06 3.308110577089305830e-07 3.254161045769855695e-07 -3.329446273549852157e-06 6.023052076680713657e-05 -1.035841732426124923e-04 6.561672957154937938e-04 2.676480353537568512e-06 -2.490890453553330772e-06 -2.533294698436229158e-06 -4.961504047987534347e-06 -1.870663613334792499e-06 -2.727810519902581046e-06 1.114389550628320852e-03 1.142919326169980401e-04 3.559189679632837046e-06 4.541983294995900419e-07 -3.850806672807584866e-05 2.287276222309804032e-06 -1.819538608759748333e-04 -2.266279430330118711e-03 8.093565497017501638e-05 5.516768920833701681e-06 -4.226901160964761319e-06
9.332882632140706289e-06 1.200952844840864493e-05 1.568617483560575565e-07 1.108999899990491763e-07 -1.776972351008507455e-06 5.195565967048393286e-06 -3.449468983891096195e-05 2.494366829678591486e-04 7.732103792161861263e-07 -1.719399906839140381e-06 -1.034871607493652556e-06 -2.878659801693130703e-06 -1.697180309280024927e-06 -1.510034879551369684e-06 6.003016115618462194e-04 1.916782783748960546e-04 1.226895786113404985e-05 4.635356930810291839e-08 -1.070276230196375657e-04 -2.494936248289715147e-06 -3.823014908964074378e-04 -2.873789434374025321e-03 8.051042422181982252e-05 9.531684428604000976e-06 -2.994818203113954908e-06
3.308110577089305830e-07 1.568617483560575565e-07 5.672424683707580157e-08 6.619143373674926345e-09 -3.551019979761206771e-08 1.042602493386848255e-07 -1.681731505864818063e-06 1.108958944726846797e-05 3.881588912978116658e-08 -4.291237470025176007e-08 -3.118006485116847891e-08 -7.388771624333237765e-08 -4.543183067524225604e-08 -2.718403256870299707e-08 1.220926881146524532e-05 1.130287630598827965e-06 1.472691335574623822e-08 -1.151856572368115537e-09 7.843957926267242749e-07 -1.010676970075930034e-07 2.073721069233054581e-06 -1.984437570419122199e-06 1.242715445027354182e-07 4.881073281611761124e-09 -8.115115407965987460e-08
3.254161045769855695e-07 1.108999899990491763e-07 6.619143373674926345e-09 1.335654507812166738e-08 -4.339252759056773076e-08 1.304266498638234476e-07 -1.004483191192485471e-06 7.129919595181235566e-06 2.309043214881049930e-08 -3.794272123267726865e-08 -1.550043250081215278e-08 -5.267530790071165068e-08 -2.916205551201452327e-08 -1.759282293939467741e-08 3.294161413952462551e-06 1.175690062901830236e-06 1.023160265041072508e-08 7.861278648946772798e-09 -9.459260138185856007e-07 4.457779449035150019e-08 -2.694004642333654815e-06 -5.307344833885688283e-05 1.753049885370749918e-06 1.573570589628859012e-07 -4.493450528596532034e-08
-3.329446273549852157e-06 -1.776972351008507455e-06 -3.551019979761206771e-08 -4.339252759056773076e-08 7.144498695337134977e-07 -1.504600664421060753e-06 1.414040190714658794e-05 -1.001801817514155193e-04 -4.148513394469121845e-07 6.533062499819184611e-07 5.485371055888734456e-07 1.203576389948658490e-06 6.594313331390608276e-07 5.280997589123160459e-07 -1.352029213072100580e-04 -1.167138164684537137e-05 -1.226149154810200784e-06 3.480717058142140438e-08 6.175664989396381731e-06 -9.689426611950208765e-07 9.140558803013671904e-06 1.640109813405972678e-04 -9.760417087647031117e-06 -1.586376417063032454e-06 5.921792254891247280e-07
6.023052076680713657e-05 5.195565967048393286e-06 1.042602493386848255e-07 1.304266498638234476e-07 -1.504600664421060753e-06 3.669757112790891372e-05 -4.107223659739814281e-05 2.686383442079912369e-04 -1.530448433435473220e-06 3.215982469957046472e-06 2.943334177376379981e-06 6.126271780164487680e-06 3.536258045244649040e-06 2.723152183049358628e-06 -3.421584871852541743e-04 -4.260125071469755918e-05 -4.442926358614596477e-06 4.206859045756101414e-07 -4.240055828020290388e-05 2.013477830666513832e-06 -1.466576668518750862e-04 -1.024187989325996747e-03 3.010164394499650640e-05 -3.389987655752587027e-06 -1.753825973953524608e-06
-1.035841732426124923e-04 -3.449468983891096195e-05 -1.681731505864818063e-06 -1.004483191192485471e-06 1.414040190714658794e-05 -4.107223659739814281e-05 3.217768762791926168e-03 -1.129223213859430891e-02 -1.178835336329629212e-05 1.089421529860494080e-05 1.837022758823692742e-05 2.959759861762977802e-05 1.884758806343579102e-05 9.610465030093969121e-06 -3.197154518621641954e-03 -5.266509558141882485e-04 -2.490720323111923737e-05 -2.733301572437353957e-06 1.584700585746708491e-04 -2.405179084023103042e-05 -8.219841908481692681e-05 2.994804533798385050e-03 -1.721183214826127418e-04 -3.075275584280781643e-05 2.465653742981381347e-06
6.561672957154939022e-04 2.494366829678592028e-04 1.108958944726846797e-05 7.129919595181235566e-06 -1.001801817514155193e-04 2.686383442079912369e-04 -1.129223213859430891e-02 4.828368100157034298e-02 7.458373870572140331e-05 -9.058615209099404463e-05 -1.047369395831384062e-04 -1.958694031225469720e-04 -1.142270531421968224e-04 -7.535549151670575352e-05 2.240073565939736111e-02 3.021731385708138328e-03 1.727942354234191348e-04 1.042116009878303384e-05 -1.025474597796503014e-03 1.290385346795316814e-04 -3.190081046726926791e-04 -2.334343529549900292e-02 1.422189370118467043e-03 2.270684290205601547e-04 -5.463409318138978151e-05
2.676480353537568512e-06 7.732103792161861263e-07 3.881588912978116658e-08 2.309043214881049930e-08 -4.148513394469121845e-07 -1.530448433435473220e-06 -1.178835336329629212e-05 7.458373870572140331e-05 5.206961903228712291e-06 1.848747783021260513e-06 1.704642782788049308e-06 3.556216448563011249e-06 1.569131730172369774e-06 1.983206369224102517e-06 6.294602276654658870e-04 1.442564591344517807e-05 2.998452594055870663e-06 4.766619100518917808e-08 1.468114961586034578e-05 3.486495260883347000e-07 -3.254231493770628613e-05 1.566998304660964156e-04 9.663478558736662261e-06 4.338544038432317914e-06 3.336081453755771370e-07
-2.490890453553330772e-06 -1.719399906839140381e-06 -4.291237470025176007e-08 -3.794272123267726865e-08 6.533062499819184611e-07 3.215982469957046472e-06 1.089421529860494080e-05 -9.058615209099405818e-05 1.848747783021260513e-06 4.201327865203852879e-05 -2.730108838867622878e-05 1.429105762879952826e-05 7.438278803966677070e-06 7.138498696029396131e-06 -4.006485054796874237e-03 2.824460084490121325e-05 -1.148486080512013844e-06 1.177399909424412987e-06 -1.315948885611729782e-04 1.925787247707965317e-05 1.155189118528460526e-03 -1.146181377448311588e-04 -2.058274320116902894e-04 -3.479020648133848572e-06 3.060121333556660232e-06
-2.533294698436229158e-06 -1.034871607493652556e-06 -3.118006485116847891e-08 -1.550043250081215278e-08 5.485371055888734456e-07 2.943334177376379981e-06 1.837022758823692742e-05 -1.047369395831384062e-04 1.704642782788049308e-06 -2.730108838867622878e-05 4.069224444655454006e-05 1.352914526135093544e-05 6.248647729255060686e-06 6.484820690557098259e-06 3.701839795051002635e-03 -1.982926440250058287e-04 -3.537848262190713049e-06 -2.093525612073008096e-07 1.188468529621209308e-04 -2.175765100092437319e-05 -1.698796023586237811e-03 1.252755299679482654e-04 2.082701011602975424e-04 -6.933589802659396568e-06 1.151937418546240351e-09
-4.961504047987534347e-06 -2.878659801693130703e-06 -7.388771624333237765e-08 -5.267530790071165068e-08 1.203576389948658490e-06 6.126271780164487680e-06 2.959759861762977802e-05 -1.958694031225469720e-04 3.556216448563011249e-06 1.429105762879952826e-05 1.352914526135093544e-05 2.777515201592407033e-05 1.377696436025017528e-05 1.377908238432872711e-05 9.379812737361678307e-06 -1.729278413146036967e-04 -1.038453499142592865e-05 1.189939137109029888e-06 1.316812732936949409e-05 -1.532251731641397546e-07 -4.357232371382540768e-04 -1.017212173452673778e-04 -1.930462371543648323e-05 -1.078391941202658064e-05 2.871633187035846817e-06
-1.870663613334792499e-06 -1.697180309280024927e-06 -4.543183067524225604e-08 -2.916205551201452327e-08 6.594313331390608276e-07 3.536258045244649040e-06 1.884758806343579102e-05 -1.142270531421968224e-04 1.569131730172369774e-06 7.438278803966677070e-06 6.248647729255060686e-06 1.377696436025017528e-05 5.403040862500180556e-05 -3.954256016677248681e-05 -7.776630437448478570e-04 3.067193582930053200e-05 -1.260054632558957147e-05 1.157048825088803861e-06 -4.876479457632511500e-05 2.665434854456211884e-06 2.627297400084268892e-04 8.993715986990635162e-05 -3.363466416266552590e-07 -5.161335807588980134e-06 3.777031706952574134e-07
-2.727810519902581046e-06 -1.510034879551369684e-06 -2.718403256870299707e-08 -1.759282293939467741e-08 5.280997589123160459e-07 2.723152183049358628e-06 9.610465030093969121e-06 -7.535549151670576707e-05 1.983206369224102517e-06 7.138498696029396131e-06 6.484820690557098259e-06 1.377908238432872711e-05 -3.954256016677248681e-05 5.442086350364926475e-05 -1.096135750559646587e-03 7.613942636758256753e-05 -1.697178969207492955e-05 -1.930397999428354959e-07 -5.112891347513291645e-06 -6.892311471115624930e-06 5.068986133860717367e-04 -1.002579550959341298e-04 -9.026253023712445505e-05 -7.316120874070951128e-06 1.843997417906357542e-06
1.114389550628320852e-03 6.003016115618462194e-04 1.220926881146524532e-05 3.294161413952462551e-06 -1.352029213072100580e-04 -3.421584871852541743e-04 -3.197154518621642821e-03 2.240073565939735764e-02 6.294602276654658870e-04 -4.006485054796874237e-03 3.701839795051002635e-03 9.379812737361678307e-06 -7.776630437448478570e-04 -1.096135750559646587e-03 2.186978168978755122e+01 -9.447601132316060246e-01 -1.731136844224066395e-03 1.450174294728611129e-03 3.351083586944579307e-01 3.546594934619396594e-02 -5.823324406913823914e+00 -1.706908238750192819e+00 5.740299749682156172e-01 -3.585158282825250922e-04 -1.136878963691763779e-03
1.142919326169980401e-04 1.916782783748960546e-04 1.130287630598827965e-06 1.175690062901830448e-06 -1.167138164684537137e-05 -4.260125071469757950e-05 -5.266509558141882485e-04 3.021731385708138328e-03 1.442564591344517807e-05 2.824460084490120309e-05 -1.982926440250058287e-04 -1.729278413146036967e-04 3.067193582930053877e-05 7.613942636758256753e-05 -9.447601132316060246e-01 3.841608174044903179e-01 5.985336075196722935e-03 1.438368315364741681e-04 -1.196492852171166243e-01 -2.355030805241887029e-02 4.500573148413691271e-01 -3.755405269220566944e-01 -6.139089873581310940e-03 -4.049710304357267564e-04 -2.962897175844747327e-04
3.559189679632837046e-06 1.226895786113404985e-05 1.472691335574623822e-08 1.023160265041072508e-08 -1.226149154810200784e-06 -4.442926358614595630e-06 -2.490720323111923737e-05 1.727942354234191348e-04 2.998452594055870663e-06 -1.148486080512013844e-06 -3.537848262190713049e-06 -1.038453499142592865e-05 -1.260054632558957147e-05 -1.697178969207492955e-05 -1.731136844224065961e-03 5.985336075196722935e-03 7.636932596481875750e-04 4.807591873292939050e-05 -6.556895277078170388e-03 -1.013769480758236447e-04 -5.845356104715321820e-03 -4.749481844986777439e-03 2.195994249443757474e-03 -5.971395209250867442e-06 -1.010016105679947507e-05
4.541983294995900419e-07 4.635356930810291839e-08 -1.151856572368115537e-09 7.861278648946772798e-09 3.480717058142140438e-08 4.206859045756101414e-07 -2.733301572437353957e-06 1.042116009878303215e-05 4.766619100518917808e-08 1.177399909424412987e-06 -2.093525612073008096e-07 1.189939137109029888e-06 1.157048825088803861e-06 -1.930397999428354959e-07 1.450174294728611129e-03 1.438368315364741681e-04 4.807591873292939050e-05 9.785121289705569299e-05 -1.746763525128122884e-05 -1.575355964443911794e-05 -4.935001230780223982e-04 -1.540507827002174140e-04 1.819470313575182103e-05 -4.978566333002604438e-06 -2.511408111016663775e-06
-3.850806672807584866e-05 -1.070276230196375657e-04 7.843957926267242749e-07 -9.459260138185856007e-07 6.175664989396381731e-06 -4.240055828020290388e-05 1.584700585746708762e-04 -1.025474597796502798e-03 1.468114961586034239e-05 -1.315948885611729782e-04 1.188468529621209308e-04 1.316812732936949070e-05 -4.876479457632512177e-05 -5.112891347513293339e-06 3.351083586944579307e-01 -1.196492852171166243e-01 -6.556895277078170388e-03 -1.746763525128124916e-05 1.123266578094729296e-01 -1.107673275132911236e-03 -8.866630933413650884e-02 5.693986878868874217e-03 -2.943487291634484110e-02 4.140365865402680741e-04 1.949017293337513071e-04
2.287276222309804032e-06 -2.494936248289715994e-06 -1.010676970075930034e-07 4.457779449035150019e-08 -9.689426611950208765e-07 2.013477830666513832e-06 -2.405179084023103720e-05 1.290385346795317357e-04 3.486495260883347000e-07 1.925787247707965317e-05 -2.175765100092437319e-05 -1.532251731641397546e-07 2.665434854456211884e-06 -6.892311471115624930e-06 3.546594934619396594e-02 -2.355030805241887029e-02 -1.013769480758236447e-04 -1.575355964443911794e-05 -1.107673275132911236e-03 3.508619889592697830e-03 -9.827538431467233715e-03 3.979309334001829984e-03 -2.078379853198916022e-03 -1.757699286413865841e-05 6.198467442425181193e-06
-1.819538608759747791e-04 -3.823014908964074378e-04 2.073721069233055851e-06 -2.694004642333654815e-06 9.140558803013675292e-06 -1.466576668518750862e-04 -8.219841908481676418e-05 -3.190081046726923539e-04 -3.254231493770627935e-05 1.155189118528460526e-03 -1.698796023586237811e-03 -4.357232371382539684e-04 2.627297400084268892e-04 5.068986133860717367e-04 -5.823324406913823914e+00 4.500573148413691271e-01 -5.845356104715319218e-03 -4.935001230780223982e-04 -8.866630933413650884e-02 -9.827538431467233715e-03 2.679660257518628796e+00 -5.689771607031471889e-01 -3.469094757413794805e-01 -9.498690615738170041e-04 -7.551181499770266909e-05
-2.266279430330118277e-03 -2.873789434374025321e-03 -1.984437570419122623e-06 -5.307344833885689638e-05 1.640109813405972678e-04 -1.024187989325996747e-03 2.994804533798385484e-03 -2.334343529549900292e-02 1.566998304660963885e-04 -1.146181377448311317e-04 1.252755299679483196e-04 -1.017212173452672694e-04 8.993715986990635162e-05 -1.002579550959341705e-04 -1.706908238750192819e+00 -3.755405269220566944e-01 -4.749481844986776571e-03 -1.540507827002174682e-04 5.693986878868873350e-03 3.979309334001829117e-03 -5.689771607031471889e-01 4.449861955842604466e+00 2.614676509348755062e-01 1.529442051217813679e-04 1.002524479236079936e-03
8.093565497017502993e-05 8.051042422181982252e-05 1.242715445027351800e-07 1.753049885370749918e-06 -9.760417087647031117e-06 3.010164394499649962e-05 -1.721183214826126605e-04 1.422189370118467043e-03 9.663478558736657178e-06 -2.058274320116902894e-04 2.082701011602974882e-04 -1.930462371543649000e-05 -3.363466416266618765e-07 -9.026253023712444150e-05 5.740299749682156172e-01 -6.139089873581310940e-03 2.195994249443757474e-03 1.819470313575182442e-05 -2.943487291634484110e-02 -2.078379853198916022e-03 -3.469094757413794805e-01 2.614676509348754507e-01 8.855076238482338657e-02 1.309451558249685840e-04 -4.364298219392454713e-05
5.516768920833701681e-06 9.531684428604000976e-06 4.881073281611761124e-09 1.573570589628859012e-07 -1.586376417063032454e-06 -3.389987655752587027e-06 -3.075275584280781643e-05 2.270684290205601547e-04 4.338544038432317914e-06 -3.479020648133848572e-06 -6.933589802659396568e-06 -1.078391941202658064e-05 -5.161335807588980134e-06 -7.316120874070951128e-06 -3.585158282825250922e-04 -4.049710304357267564e-04 -5.971395209250867442e-06 -4.978566333002604438e-06 4.140365865402680741e-04 -1.757699286413865841e-05 -9.498690615738170041e-04 1.529442051217813408e-04 1.309451558249686111e-04 6.539976517471864049e-04 3.240792473238414862e-04
-4.226901160964762166e-06 -2.994818203113951520e-06 -8.115115407965975549e-08 -4.493450528596527402e-08 5.921792254891241986e-07 -1.753825973953522702e-06 2.465653742981397864e-06 -5.463409318138993736e-05 3.336081453755771370e-07 3.060121333556650915e-06 1.151937418549384050e-09 2.871633187035847241e-06 3.777031706952585781e-07 1.843997417906360083e-06 -1.136878963691769200e-03 -2.962897175844745159e-04 -1.010016105679949032e-05 -2.511408111016662928e-06 1.949017293337509818e-04 6.198467442425175263e-06 -7.551181499770448513e-05 1.002524479236078419e-03 -4.364298219392454036e-05 3.240792473238419198e-04 3.447862787551230716e-04
